;z_C4D_CHD;z_CARDIOGRAM_CHD;z_DIAGRAM_T2D;z_GABRIEL_ASTHMA;z_GEFOS_BMD-FOREARM;z_GEFOS_BMD-NECK;z_GEFOS_BMD-SPINE;z_GIANT_BMI;z_GIANT_HEIGHT;z_GIANT_HIP;z_GIANT_WC;z_GIANT_WHR;z_GLG_HDL;z_GLG_LDL;z_GLG_TC;z_GLG_TG;z_ICBP_DBP;z_ICBP_MAP;z_ICBP_PP;z_ICBP_SBP;z_IGAP_AZ;z_IGGC_IOP;z_IIBDGC_CD;z_IIBDGC_IBD;z_IIBDGC_UC;z_IMSGC_MS;z_KIDNEY_CKD;z_KIDNEY_EGFR-CREA;z_KIDNEY_EGFR-CYS;z_MAGIC_2HGLU-ADJBMI;z_MAGIC_FAST-GLUCOSE;z_MAGIC_FAST-INSULIN;z_MAGIC_FPI;z_MAGIC_HBA1C;z_MAGIC_HOMA-B;z_MAGIC_HOMA-IR;z_MAGIC_IS;z_NEIGHBORHOOD_POAG;z_PGC_BIP;z_PGC_MDD;z_PGC_SCZ;z_RA_RA;z_ReproGen_AME;z_SSGAC_COLLEGE;z_SSGAC_EDUYEAR
z_C4D_CHD;1.0623;0.107;0.0448;0.0007;0.0301;0.0035;0.0044;0.021;-0.0176;0.0191;0.0274;0.0181;-0.0311;0.0269;0.021;0.0326;0.0102;0.0115;0.0007;0.0068;-0.0069;0.0017;0.0442;0.0102;-0.0162;-0.1197;0.0042;-0.0029;-0.0079;0.0104;0.0115;0.0207;0.0082;0.0315;0.0059;0.0175;0.0249;0.0085;-0.0103;0.0149;-0.006;0.0152;-0.0115;-0.016;-0.0318
z_CARDIOGRAM_CHD;0.107;1.0376;0.0282;0.0089;0.0126;0.0032;-0.0011;0.0139;-0.0177;0.0089;0.0176;0.0174;-0.0251;0.0151;0.0151;0.0308;0.0012;0.001;-0.0013;0.0002;-0.0015;-0.0005;0.0111;0.009;0.0095;0.0302;0.0034;0.0012;-0.0032;0.0047;0.0102;0.0131;0.0077;0.017;0.0129;0.0161;-0.0163;-0.0099;-0.0148;0.0081;-0.0027;0.0053;-0.0143;-0.0198;-0.0153
z_DIAGRAM_T2D;0.0448;0.0282;1.0283;0.0181;-0.0096;0.0253;0.0091;0.0309;-0.0007;0.0282;0.0404;0.0303;-0.0402;0.0049;8.194e-05;0.0388;-0.0018;-0.0017;-0.0049;-0.0015;-0.0062;0.0074;-0.0223;-0.012;-0.0137;-0.0155;0.0104;-0.0074;-0.011;0.0251;0.0465;0.0303;0.0181;0.0364;0.0018;0.0306;-0.0574;-0.014;-0.0169;3.073e-05;-0.0043;-0.0055;-0.0035;-0.0142;-0.0122
z_GABRIEL_ASTHMA;0.0007;0.0089;0.0181;0.9957;0.0547;-0.015;-0.0097;0.0143;-0.028;0.005;0.0106;0.008;-0.0167;0.0028;-0.0045;0.0101;-0.0052;-0.0052;-0.0132;-0.0042;0.0012;-0.0076;0.0178;0.0103;0.022;-0.0981;0.0077;-0.0087;-0.0025;-0.0061;-0.0152;-0.0058;0.0471;0.0041;-0.0108;-0.0136;-0.0383;0.0013;0.0409;0.0065;0.0229;0.0368;-0.0158;0.0013;0.0432
z_GEFOS_BMD-FOREARM;0.0301;0.0126;-0.0096;0.0547;1.0252;0.1401;0.1316;0.0177;-0.0337;-0.0075;0.0002;0.0058;0.0044;0.0038;-0.0003;-0.0152;-0.0036;0.0002;0.0008;-0.0024;0.0422;-0.0027;-0.07;-0.0807;-0.2283;0.0211;0.0115;-0.0213;0.0148;-0.0078;0.0042;0.0363;-0.043;0.0121;0.0211;0.0342;-0.0015;-0.0076;0.0462;-0.0189;-0.0012;0.0024;0.0463;-8.6093e-05;-0.03
z_GEFOS_BMD-NECK;0.0035;0.0032;0.0253;-0.015;0.1401;0.9957;0.1467;0.0088;0.0059;-0.001;0.0033;0.005;-0.0106;-0.0082;-0.0118;0.0018;0.0003;-0.0002;-0.0041;-0.0031;0.0168;0.0261;-0.0487;-0.0259;-0.0133;0.0606;0.0073;-0.0165;-0.0041;0.0023;0.027;0.011;0.015;0.0205;-0.0072;0.0162;-0.044;-0.0088;0.0113;-0.0269;3.9888e-05;0.0008;0.016;0.0038;-0.003
z_GEFOS_BMD-SPINE;0.0044;-0.0011;0.0091;-0.0097;0.1316;0.1467;0.992;0.0066;0.0105;-0.0056;-0.0045;-0.0034;-0.0054;-0.0201;-0.0225;-0.0076;-0.004;-0.0014;-0.0052;-0.0045;0.0168;0.0174;-0.033;-0.036;-0.0782;0.0257;0.0086;-0.0144;-0.0016;-0.0144;0.0291;-0.0021;-0.0018;0.0093;-0.0227;-0.0015;-0.0283;0.0007;0.0067;-0.0232;-0.0037;-0.0183;0.0207;0.0105;-0.0031
z_GIANT_BMI;0.021;0.0139;0.0309;0.0143;0.0177;0.0088;0.0066;0.6845;-0.0107;0.0969;0.0999;0.0439;-0.0355;0.0018;-0.0028;0.0261;-0.0004;-0.0004;-0.0014;-0.0008;-0.0063;0.0039;0.0079;-0.0043;-0.0285;-0.0129;0.0067;-0.0039;-0.0175;-0.0104;0.0239;0.045;0.0333;0.0113;0.033;0.0457;-0.0119;-0.0016;-0.0117;-0.0049;-0.0147;0.0075;-0.0102;-0.0196;-0.0212
z_GIANT_HEIGHT;-0.0176;-0.0177;-0.0007;-0.028;-0.0337;0.0059;0.0105;-0.0107;1.2499;0.0874;0.0521;-0.0093;-0.0002;-0.019;-0.0239;-0.0204;0.0043;0.0028;0.0026;0.0029;-0.0194;0.0016;0.0111;0.01;0.0101;-0.0016;0.0064;-0.0198;-0.0112;-0.0401;0.0001;0.0047;0.0232;-0.0069;0.002;0.0051;0.0247;0.0159;0.0057;-0.0213;0.0052;0.0141;-0.0025;0.0191;0.0265
z_GIANT_HIP;0.0191;0.0089;0.0282;0.005;-0.0075;-0.001;-0.0056;0.0969;0.0874;0.7712;0.122;0.0319;-0.032;-0.0053;-0.011;0.0154;-0.0016;-0.0018;-0.0028;-0.0024;-0.0098;0.0033;0.0096;0.0018;-0.0113;-0.014;0.0073;-0.0074;-0.0264;-0.0209;0.0261;0.0483;0.0478;0.0019;0.0316;0.0487;-0.0025;0.0037;-0.0144;-0.0116;-0.0116;0.0086;-0.0104;-0.0135;-0.0132
z_GIANT_WC;0.0274;0.0176;0.0404;0.0106;0.0002;0.0033;-0.0045;0.0999;0.0521;0.122;0.7664;0.0668;-0.0509;0.0006;-0.0049;0.0385;-0.0007;-0.0007;-0.0018;-0.0012;-0.0094;0.0032;0.0096;-0.0016;-0.0188;-0.0031;0.0052;0.0002;-0.0224;-0.0058;0.0268;0.0596;0.0492;0.0133;0.0445;0.0592;-0.002;0.0031;-0.0084;0.0002;-0.013;0.0085;-0.0065;-0.0238;-0.024
z_GIANT_WHR;0.0181;0.0174;0.0303;0.008;0.0058;0.005;-0.0034;0.0439;-0.0093;0.0319;0.0668;0.845;-0.0405;0.0094;0.0075;0.0404;2.4889e-05;0.0003;-0.0011;-0.0002;-0.005;0.0047;-0.0025;-0.0076;-0.0194;0.0053;0.0006;0.005;-0.0062;0.0121;0.0115;0.0398;0.026;0.0174;0.0336;0.0385;-0.0051;-0.0013;-0.0072;0.0124;-0.0076;0.0019;0.002;-0.0215;-0.0195
z_GLG_HDL;-0.0311;-0.0251;-0.0402;-0.0167;0.0044;-0.0106;-0.0054;-0.0355;-0.0002;-0.032;-0.0509;-0.0405;0.8769;0.0112;0.0252;-0.0754;-0.0019;-0.0019;-0.0044;-0.0019;0.0176;0.0085;-0.0186;-0.0029;0.0152;0.0096;-0.0048;0.0006;0.0132;0.0207;-0.0169;-0.0354;-0.0323;-0.0158;-0.0276;-0.0362;-0.019;0.0148;0.0098;-0.0041;0.005;0.0048;0.0107;0.0251;0.0248
z_GLG_LDL;0.0269;0.0151;0.0049;0.0028;0.0038;-0.0082;-0.0201;0.0018;-0.019;-0.0053;0.0006;0.0094;0.0112;0.9623;0.1067;0.0429;0.0003;0.0003;-0.0019;0.0004;-0.0028;0.0051;-0.0288;-0.0187;-0.0431;-0.0061;-0.0025;0.0034;0.0047;-0.0052;-0.0076;-0.0029;0.0044;0.0121;0.0036;-0.0045;0.0074;0.0039;-0.0098;-0.0087;-0.0033;-0.0071;-0.0001;-0.0097;-0.002
z_GLG_TC;0.021;0.0151;8.194e-05;-0.0045;-0.0003;-0.0118;-0.0225;-0.0028;-0.0239;-0.011;-0.0049;0.0075;0.0252;0.1067;0.9194;0.0617;1.9474e-05;-0.0004;-0.0027;0.0003;-0.0024;0.0057;-0.0316;-0.0171;-0.0322;-0.0049;-0.0007;0.0038;0.0059;0.0089;-0.011;-0.0026;-0.0066;0.0115;0.0047;-0.0036;0.0115;0.0076;-0.0021;0.0009;-0.0054;-0.0103;0.0011;-0.0084;-0.0002
z_GLG_TG;0.0326;0.0308;0.0388;0.0101;-0.0152;0.0018;-0.0076;0.0261;-0.0204;0.0154;0.0385;0.0404;-0.0754;0.0429;0.0617;0.8439;0.0008;-1.7604e-05;-0.0005;0.0019;-0.0103;-0.0068;0.0022;-0.0003;-0.0035;-0.0159;0.0075;-0.0109;-0.0105;0.0029;0.0055;0.0373;0.0112;0.0152;0.0339;0.0376;0.0397;-0.0061;-0.0021;0.0273;-0.0099;-0.0243;-0.0003;-0.0255;-0.0253
z_ICBP_DBP;0.0102;0.0012;-0.0018;-0.0052;-0.0036;0.0003;-0.004;-0.0004;0.0043;-0.0016;-0.0007;2.4889e-05;-0.0019;0.0003;1.9474e-05;0.0008;0.9081;0.1012;0.1025;0.0986;0.001;-0.0015;0.0068;0.0017;-0.0047;-0.0333;-0.0002;0.0009;-0.0004;-0.0005;0.0028;0.0023;-0.0122;0.0019;-0.0021;0.0022;-0.0138;0.0017;0.0012;-0.0034;-0.0014;0.0092;0.0012;-0.0006;-0.0018
z_ICBP_MAP;0.0115;0.001;-0.0017;-0.0052;0.0002;-0.0002;-0.0014;-0.0004;0.0028;-0.0018;-0.0007;0.0003;-0.0019;0.0003;-0.0004;-1.7604e-05;0.1012;0.9085;0.1068;0.1;0.0004;-0.0009;0.0074;0.0054;0.0078;-0.0187;-0.0019;0.0016;0.0002;0.0029;0.0027;0.0011;-0.0126;0.0016;-0.0031;0.0013;-0.0088;0.001;0.0045;-0.0016;0.0008;0.009;0.0017;0.0001;0.0009
z_ICBP_PP;0.0007;-0.0013;-0.0049;-0.0132;0.0008;-0.0041;-0.0052;-0.0014;0.0026;-0.0028;-0.0018;-0.0011;-0.0044;-0.0019;-0.0027;-0.0005;0.1025;0.1068;0.9233;0.129;-0.0013;-0.0031;0.0023;0.0015;0.0022;-0.0409;0.0015;0.0024;0.0011;-0.0013;0.0025;0.0036;-0.0142;0.0003;-0.0026;0.003;0.0006;0.0005;0.0055;0.002;0.0025;0.009;0.0031;-0.0003;-0.0062
z_ICBP_SBP;0.0068;0.0002;-0.0015;-0.0042;-0.0024;-0.0031;-0.0045;-0.0008;0.0029;-0.0024;-0.0012;-0.0002;-0.0019;0.0004;0.0003;0.0019;0.0986;0.1;0.129;0.8967;0.0022;-0.0044;0.0008;3.993e-05;-0.0017;-0.023;0.0006;0.0007;0.0002;0.0004;0.0018;0.0022;-0.0122;0.0014;-0.0023;0.0017;-0.0033;0.0005;0.0002;-0.0036;-0.0001;0.0082;0.0026;0.0011;-0.0007
z_IGAP_AZ;-0.0069;-0.0015;-0.0062;0.0012;0.0422;0.0168;0.0168;-0.0063;-0.0194;-0.0098;-0.0094;-0.005;0.0176;-0.0028;-0.0024;-0.0103;0.001;0.0004;-0.0013;0.0022;1.0572;0.0029;-0.0099;-0.0054;-0.0056;0.0275;-0.0126;0.0087;0.0048;0.0249;-0.0066;-0.0168;-0.0526;-0.0104;-0.014;-0.0133;-0.0441;-0.004;0.0068;0.0215;0.0147;-0.0173;0.0114;-0.0197;-0.013
z_IGGC_IOP;0.0017;-0.0005;0.0074;-0.0076;-0.0027;0.0261;0.0174;0.0039;0.0016;0.0033;0.0032;0.0047;0.0085;0.0051;0.0057;-0.0068;-0.0015;-0.0009;-0.0031;-0.0044;0.0029;1.0217;0.0126;0.0046;-0.0089;0.0053;0.0045;-0.0113;0.0012;0.0187;0.0182;0.0071;-0.0192;0.0099;0.0051;0.007;-0.0095;0.022;0.0066;0.0124;0.0093;-0.0099;0.0073;0.0008;-0.0064
z_IIBDGC_CD;0.0442;0.0111;-0.0223;0.0178;-0.07;-0.0487;-0.033;0.0079;0.0111;0.0096;0.0096;-0.0025;-0.0186;-0.0288;-0.0316;0.0022;0.0068;0.0074;0.0023;0.0008;-0.0099;0.0126;1.0456;0.2905;0.4596;0.0017;-0.0101;0.0049;-0.0009;-0.0227;-0.0114;-0.0024;0.07;-0.007;-0.0032;-0.0108;-0.0359;-0.0279;0.0536;0.0039;0.0371;0.0033;0.0096;-0.0183;0.0027
z_IIBDGC_IBD;0.0102;0.009;-0.012;0.0103;-0.0807;-0.0259;-0.036;-0.0043;0.01;0.0018;-0.0016;-0.0076;-0.0029;-0.0187;-0.0171;-0.0003;0.0017;0.0054;0.0015;3.993e-05;-0.0054;0.0046;0.2905;1.0864;0.414;0.0225;-0.0091;0.0092;0.0003;0.0124;0.0009;0.0018;0.0335;-0.0112;-0.0001;0.0003;-0.0166;-0.0005;0.0522;0.0257;0.0278;0.0109;0.006;-0.0017;0.0081
z_IIBDGC_UC;-0.0162;0.0095;-0.0137;0.022;-0.2283;-0.0133;-0.0782;-0.0285;0.0101;-0.0113;-0.0188;-0.0194;0.0152;-0.0431;-0.0322;-0.0035;-0.0047;0.0078;0.0022;-0.0017;-0.0056;-0.0089;0.4596;0.414;1.0675;0.1253;-0.0248;0.0315;0.0019;0.0917;0.0083;0.0058;0.0656;-0.0208;0.001;0.0085;-0.0344;0.0134;0.143;0.0725;0.0721;0.0247;0.0051;0.0294;0.0543
z_IMSGC_MS;-0.1197;0.0302;-0.0155;-0.0981;0.0211;0.0606;0.0257;-0.0129;-0.0016;-0.014;-0.0031;0.0053;0.0096;-0.0061;-0.0049;-0.0159;-0.0333;-0.0187;-0.0409;-0.023;0.0275;0.0053;0.0017;0.0225;0.1253;1.0401;-0.0034;-0.0046;-0.0312;0.083;-0.0412;-0.0088;-0.0422;0.0082;0.0213;-0.0174;0.0449;-0.0002;0.0182;0.0745;0.0093;-0.0436;-0.041;0.0206;-0.0493
z_KIDNEY_CKD;0.0042;0.0034;0.0104;0.0077;0.0115;0.0073;0.0086;0.0067;0.0064;0.0073;0.0052;0.0006;-0.0048;-0.0025;-0.0007;0.0075;-0.0002;-0.0019;0.0015;0.0006;-0.0126;0.0045;-0.0101;-0.0091;-0.0248;-0.0034;1.056;-0.0461;-0.0116;-0.002;-0.004;0.0113;-0.0306;0.0062;0.0151;0.0108;0.0139;-0.0012;-0.0079;-0.0003;-0.0084;-0.0028;-0.0102;-0.0061;-0.0064
z_KIDNEY_EGFR-CREA;-0.0029;0.0012;-0.0074;-0.0087;-0.0213;-0.0165;-0.0144;-0.0039;-0.0198;-0.0074;0.0002;0.005;0.0006;0.0034;0.0038;-0.0109;0.0009;0.0016;0.0024;0.0007;0.0087;-0.0113;0.0049;0.0092;0.0315;-0.0046;-0.0461;0.967;0.031;0.0117;0.001;-0.0035;0.029;0.0023;-0.0071;-0.0061;-0.0222;0.009;0.0188;0.0009;0.0081;-0.0039;0.006;-9.2094e-05;-0.0067
z_KIDNEY_EGFR-CYS;-0.0079;-0.0032;-0.011;-0.0025;0.0148;-0.0041;-0.0016;-0.0175;-0.0112;-0.0264;-0.0224;-0.0062;0.0132;0.0047;0.0059;-0.0105;-0.0004;0.0002;0.0011;0.0002;0.0048;0.0012;-0.0009;0.0003;0.0019;-0.0312;-0.0116;0.031;0.9762;0.0125;0.0024;-0.0089;-0.0151;-0.0044;-0.0159;-0.0093;0.0045;0.0028;0.0178;0.0013;0.0076;-0.0197;0.0116;0.0081;0.0105
z_MAGIC_2HGLU-ADJBMI;0.0104;0.0047;0.0251;-0.0061;-0.0078;0.0023;-0.0144;-0.0104;-0.0401;-0.0209;-0.0058;0.0121;0.0207;-0.0052;0.0089;0.0029;-0.0005;0.0029;-0.0013;0.0004;0.0249;0.0187;-0.0227;0.0124;0.0917;0.083;-0.002;0.0117;0.0125;1.0013;-0.0076;-0.0192;-0.0145;0.0042;-0.0085;-0.017;-0.0016;-0.0023;0.0229;-0.0094;-0.0106;-0.0356;-0.0102;0.0047;0.017
z_MAGIC_FAST-GLUCOSE;0.0115;0.0102;0.0465;-0.0152;0.0042;0.027;0.0291;0.0239;0.0001;0.0261;0.0268;0.0115;-0.0169;-0.0076;-0.011;0.0055;0.0028;0.0027;0.0025;0.0018;-0.0066;0.0182;-0.0114;0.0009;0.0083;-0.0412;-0.004;0.001;0.0024;-0.0076;0.9933;0.0185;0.0144;0.0387;-0.0319;0.024;-0.0847;-0.0035;0.0026;0.0107;-0.0084;-0.0043;-0.0027;-0.0046;-0.0116
z_MAGIC_FAST-INSULIN;0.0207;0.0131;0.0303;-0.0058;0.0363;0.011;-0.0021;0.045;0.0047;0.0483;0.0596;0.0398;-0.0354;-0.0029;-0.0026;0.0373;0.0023;0.0011;0.0036;0.0022;-0.0168;0.0071;-0.0024;0.0018;0.0058;-0.0088;0.0113;-0.0035;-0.0089;-0.0192;0.0185;1.0037;0.0118;0.005;0.0472;0.0543;-0.012;-0.0022;0.0014;0.003;-0.0133;-0.004;-0.0039;-0.0112;-0.011
z_MAGIC_FPI;0.0082;0.0077;0.0181;0.0471;-0.043;0.015;-0.0018;0.0333;0.0232;0.0478;0.0492;0.026;-0.0323;0.0044;-0.0066;0.0112;-0.0122;-0.0126;-0.0142;-0.0122;-0.0526;-0.0192;0.07;0.0335;0.0656;-0.0422;-0.0306;0.029;-0.0151;-0.0145;0.0144;0.0118;0.9928;-0.0121;-9.375e-05;0.0172;0.0229;-0.0148;-0.0095;0.0064;0.0013;0.0132;-0.0028;-0.0164;-0.0159
z_MAGIC_HBA1C;0.0315;0.017;0.0364;0.0041;0.0121;0.0205;0.0093;0.0113;-0.0069;0.0019;0.0133;0.0174;-0.0158;0.0121;0.0115;0.0152;0.0019;0.0016;0.0003;0.0014;-0.0104;0.0099;-0.007;-0.0112;-0.0208;0.0082;0.0062;0.0023;-0.0044;0.0042;0.0387;0.005;-0.0121;0.9916;-0.0186;0.0081;0.0317;-0.0263;0.0046;-0.0187;-0.0096;0.0186;0.0007;-0.0122;0.0006
z_MAGIC_HOMA-B;0.0059;0.0129;0.0018;-0.0108;0.0211;-0.0072;-0.0227;0.033;0.002;0.0316;0.0445;0.0336;-0.0276;0.0036;0.0047;0.0339;-0.0021;-0.0031;-0.0026;-0.0023;-0.014;0.0051;-0.0032;-0.0001;0.001;0.0213;0.0151;-0.0071;-0.0159;-0.0085;-0.0319;0.0472;-9.375e-05;-0.0186;0.9987;0.0416;0.0389;-0.0035;-0.0008;-0.001;-0.0053;-0.0057;0.0013;-0.0102;-0.0094
z_MAGIC_HOMA-IR;0.0175;0.0161;0.0306;-0.0136;0.0342;0.0162;-0.0015;0.0457;0.0051;0.0487;0.0592;0.0385;-0.0362;-0.0045;-0.0036;0.0376;0.0022;0.0013;0.003;0.0017;-0.0133;0.007;-0.0108;0.0003;0.0085;-0.0174;0.0108;-0.0061;-0.0093;-0.017;0.024;0.0543;0.0172;0.0081;0.0416;1.0125;-0.0247;-0.0003;0.0036;0.009;-0.0122;-0.0088;-0.0053;-0.0109;-0.0119
z_MAGIC_IS;0.0249;-0.0163;-0.0574;-0.0383;-0.0015;-0.044;-0.0283;-0.0119;0.0247;-0.0025;-0.002;-0.0051;-0.019;0.0074;0.0115;0.0397;-0.0138;-0.0088;0.0006;-0.0033;-0.0441;-0.0095;-0.0359;-0.0166;-0.0344;0.0449;0.0139;-0.0222;0.0045;-0.0016;-0.0847;-0.012;0.0229;0.0317;0.0389;-0.0247;0.9973;0.0377;-0.0667;-0.0431;0.0006;0.004;-0.0401;-0.0521;0.014
z_NEIGHBORHOOD_POAG;0.0085;-0.0099;-0.014;0.0013;-0.0076;-0.0088;0.0007;-0.0016;0.0159;0.0037;0.0031;-0.0013;0.0148;0.0039;0.0076;-0.0061;0.0017;0.001;0.0005;0.0005;-0.004;0.022;-0.0279;-0.0005;0.0134;-0.0002;-0.0012;0.009;0.0028;-0.0023;-0.0035;-0.0022;-0.0148;-0.0263;-0.0035;-0.0003;0.0377;1.0279;0.0237;-0.0124;0.0082;-0.004;0.0061;-0.0082;0.0139
z_PGC_BIP;-0.0103;-0.0148;-0.0169;0.0409;0.0462;0.0113;0.0067;-0.0117;0.0057;-0.0144;-0.0084;-0.0072;0.0098;-0.0098;-0.0021;-0.0021;0.0012;0.0045;0.0055;0.0002;0.0068;0.0066;0.0536;0.0522;0.143;0.0182;-0.0079;0.0188;0.0178;0.0229;0.0026;0.0014;-0.0095;0.0046;-0.0008;0.0036;-0.0667;0.0237;1.0276;0.1534;0.2677;-0.0346;0.0204;0.0598;0.0531
z_PGC_MDD;0.0149;0.0081;3.073e-05;0.0065;-0.0189;-0.0269;-0.0232;-0.0049;-0.0213;-0.0116;0.0002;0.0124;-0.0041;-0.0087;0.0009;0.0273;-0.0034;-0.0016;0.002;-0.0036;0.0215;0.0124;0.0039;0.0257;0.0725;0.0745;-0.0003;0.0009;0.0013;-0.0094;0.0107;0.003;0.0064;-0.0187;-0.001;0.009;-0.0431;-0.0124;0.1534;1.0165;0.0927;-0.0265;-0.002;-0.0117;0.001
z_PGC_SCZ;-0.006;-0.0027;-0.0043;0.0229;-0.0012;3.9888e-05;-0.0037;-0.0147;0.0052;-0.0116;-0.013;-0.0076;0.005;-0.0033;-0.0054;-0.0099;-0.0014;0.0008;0.0025;-0.0001;0.0147;0.0093;0.0371;0.0278;0.0721;0.0093;-0.0084;0.0081;0.0076;-0.0106;-0.0084;-0.0133;0.0013;-0.0096;-0.0053;-0.0122;0.0006;0.0082;0.2677;0.0927;1.0822;-0.0056;-0.0045;0.0107;0.028
z_RA_RA;0.0152;0.0053;-0.0055;0.0368;0.0024;0.0008;-0.0183;0.0075;0.0141;0.0086;0.0085;0.0019;0.0048;-0.0071;-0.0103;-0.0243;0.0092;0.009;0.009;0.0082;-0.0173;-0.0099;0.0033;0.0109;0.0247;-0.0436;-0.0028;-0.0039;-0.0197;-0.0356;-0.0043;-0.004;0.0132;0.0186;-0.0057;-0.0088;0.004;-0.004;-0.0346;-0.0265;-0.0056;0.9712;-0.0066;-0.0419;-0.0148
z_ReproGen_AME;-0.0115;-0.0143;-0.0035;-0.0158;0.0463;0.016;0.0207;-0.0102;-0.0025;-0.0104;-0.0065;0.002;0.0107;-0.0001;0.0011;-0.0003;0.0012;0.0017;0.0031;0.0026;0.0114;0.0073;0.0096;0.006;0.0051;-0.041;-0.0102;0.006;0.0116;-0.0102;-0.0027;-0.0039;-0.0028;0.0007;0.0013;-0.0053;-0.0401;0.0061;0.0204;-0.002;-0.0045;-0.0066;0.9772;0.0132;0.0135
z_SSGAC_COLLEGE;-0.016;-0.0198;-0.0142;0.0013;-8.6093e-05;0.0038;0.0105;-0.0196;0.0191;-0.0135;-0.0238;-0.0215;0.0251;-0.0097;-0.0084;-0.0255;-0.0006;0.0001;-0.0003;0.0011;-0.0197;0.0008;-0.0183;-0.0017;0.0294;0.0206;-0.0061;-9.2094e-05;0.0081;0.0047;-0.0046;-0.0112;-0.0164;-0.0122;-0.0102;-0.0109;-0.0521;-0.0082;0.0598;-0.0117;0.0107;-0.0419;0.0132;1.029;0.0686
z_SSGAC_EDUYEAR;-0.0318;-0.0153;-0.0122;0.0432;-0.03;-0.003;-0.0031;-0.0212;0.0265;-0.0132;-0.024;-0.0195;0.0248;-0.002;-0.0002;-0.0253;-0.0018;0.0009;-0.0062;-0.0007;-0.013;-0.0064;0.0027;0.0081;0.0543;-0.0493;-0.0064;-0.0067;0.0105;0.017;-0.0116;-0.011;-0.0159;0.0006;-0.0094;-0.0119;0.014;0.0139;0.0531;0.001;0.028;-0.0148;0.0135;0.0686;1.0135
